source,target
0,6
0,17
0,20
0,23
0,25
0,27
0,29
0,33
0,36
0,40
0,41
0,42
0,46
0,48
0,49
0,55
0,56
0,58
0,60
0,61
0,65
0,67
0,70
0,72
0,76
0,77
0,83
0,87
0,91
0,100
0,111
0,113
0,125
0,126
0,132
0,134
0,140
0,141
0,143
0,158
0,161
0,169
0,178
0,188
0,197
0,201
0,205
0,207
0,209
0,214
0,226
0,230
0,236
0,237
0,241
0,242
0,247
0,249
0,260
0,264
0,266
0,267
0,272
0,280
0,283
0,286
0,289
0,295
0,298
0,299
1,4
1,9
1,11
1,22
1,28
1,30
1,46
1,49
1,54
1,55
1,59
1,64
1,65
1,71
1,76
1,84
1,88
1,89
1,94
1,96
1,97
1,100
1,101
1,107
1,128
1,130
1,133
1,144
1,146
1,150
1,151
1,156
1,165
1,171
1,172
1,185
1,186
1,189
1,196
1,199
1,204
1,209
1,219
1,221
1,224
1,234
1,235
1,242
1,248
1,249
1,253
1,259
1,262
1,263
1,268
1,278
1,281
1,284
1,286
1,287
1,288
1,291
1,297
1,299
2,3
2,4
2,13
2,16
2,20
2,21
2,25
2,27
2,29
2,30
2,33
2,34
2,36
2,37
2,38
2,40
2,44
2,59
2,61
2,64
2,69
2,72
2,81
2,84
2,93
2,97
2,100
2,103
2,110
2,111
2,113
2,119
2,131
2,135
2,140
2,141
2,147
2,154
2,158
2,160
2,174
2,179
2,182
2,187
2,190
2,192
2,195
2,200
2,208
2,209
2,211
2,213
2,224
2,227
2,229
2,230
2,233
2,241
2,247
2,250
2,251
2,258
2,262
2,266
2,269
2,275
2,279
2,285
2,298
3,4
3,38
3,41
3,43
3,50
3,51
3,56
3,59
3,62
3,64
3,74
3,77
3,85
3,88
3,90
3,96
3,97
3,98
3,100
3,103
3,113
3,124
3,125
3,133
3,135
3,143
3,145
3,160
3,168
3,174
3,182
3,199
3,203
3,208
3,212
3,214
3,223
3,237
3,238
3,241
3,242
3,256
3,257
3,258
3,259
3,262
3,266
3,267
3,268
3,277
3,280
3,288
3,297
4,5
4,8
4,11
4,21
4,28
4,33
4,46
4,59
4,68
4,76
4,79
4,81
4,89
4,97
4,104
4,109
4,114
4,124
4,133
4,140
4,147
4,150
4,152
4,163
4,166
4,186
4,212
4,223
4,224
4,231
4,234
4,240
4,245
4,252
4,253
4,259
4,262
4,268
4,274
5,15
5,23
5,38
5,40
5,41
5,46
5,50
5,54
5,57
5,65
5,68
5,76
5,81
5,88
5,94
5,104
5,128
5,133
5,139
5,146
5,153
5,155
5,157
5,161
5,162
5,177
5,185
5,190
5,194
5,196
5,204
5,243
5,247
5,261
5,262
5,267
5,286
5,287
5,293
5,297
6,9
6,12
6,17
6,22
6,25
6,33
6,34
6,35
6,39
6,41
6,49
6,56
6,57
6,64
6,66
6,67
6,80
6,125
6,127
6,132
6,138
6,143
6,158
6,160
6,169
6,183
6,185
6,187
6,188
6,190
6,196
6,201
6,203
6,205
6,208
6,216
6,233
6,236
6,239
6,243
6,244
6,247
6,249
6,251
6,255
6,256
6,270
6,273
6,277
6,281
6,285
6,294
6,299
7,9
7,20
7,26
7,35
7,37
7,45
7,47
7,49
7,52
7,57
7,73
7,92
7,93
7,102
7,106
7,112
7,138
7,142
7,160
7,162
7,171
7,172
7,185
7,200
7,201
7,203
7,206
7,212
7,215
7,222
7,226
7,232
7,240
7,249
7,260
7,264
7,265
7,272
7,279
7,281
7,296
7,299
8,11
8,42
8,54
8,81
8,86
8,104
8,115
8,121
8,128
8,136
8,138
8,147
8,172
8,194
8,195
8,209
8,220
8,227
8,230
8,235
8,245
8,262
8,263
8,287
8,288
9,16
9,20
9,35
9,46
9,48
9,54
9,55
9,57
9,61
9,79
9,88
9,89
9,91
9,93
9,107
9,109
9,112
9,115
9,118
9,119
9,121
9,123
9,133
9,137
9,138
9,148
9,149
9,150
9,172
9,177
9,181
9,185
9,188
9,196
9,201
9,209
9,219
9,222
9,224
9,239
9,240
9,243
9,253
9,259
9,263
9,273
9,286
9,290
9,291
9,299
10,11
10,41
10,42
10,50
10,52
10,55
10,70
10,72
10,76
10,83
10,86
10,92
10,99
10,125
10,133
10,136
10,137
10,143
10,148
10,154
10,161
10,180
10,183
10,205
10,208
10,214
10,229
10,232
10,234
10,236
10,246
10,248
10,256
10,260
10,263
10,266
10,269
10,281
10,282
10,284
10,289
10,295
10,299
11,15
11,26
11,39
11,42
11,46
11,54
11,55
11,60
11,64
11,75
11,78
11,87
11,88
11,92
11,97
11,100
11,101
11,104
11,106
11,109
11,122
11,126
11,129
11,137
11,145
11,147
11,155
11,163
11,184
11,186
11,194
11,196
11,199
11,200
11,208
11,209
11,213
11,215
11,220
11,222
11,225
11,230
11,231
11,234
11,235
11,246
11,252
11,253
11,259
11,263
11,267
11,271
11,272
11,274
11,276
11,287
11,293
11,295
11,297
12,36
12,70
12,84
12,103
12,127
12,130
12,148
12,179
12,187
12,213
12,225
12,246
12,249
12,256
12,270
12,278
12,279
13,17
13,20
13,29
13,36
13,53
13,56
13,61
13,66
13,69
13,74
13,103
13,110
13,126
13,141
13,154
13,159
13,161
13,169
13,197
13,213
13,214
13,217
13,218
13,229
13,233
13,242
13,257
13,260
13,265
13,270
13,279
14,20
14,25
14,27
14,33
14,34
14,37
14,50
14,54
14,55
14,61
14,71
14,72
14,73
14,80
14,85
14,88
14,90
14,91
14,92
14,95
14,99
14,102
14,121
14,137
14,138
14,142
14,149
14,157
14,164
14,173
14,178
14,188
14,193
14,201
14,203
14,207
14,218
14,221
14,226
14,228
14,233
14,242
14,254
14,255
14,260
14,264
14,268
14,270
14,272
14,275
14,276
14,279
14,286
14,289
14,290
14,294
14,299
15,34
15,38
15,39
15,46
15,54
15,57
15,58
15,65
15,71
15,75
15,77
15,100
15,101
15,104
15,109
15,111
15,113
15,119
15,129
15,138
15,139
15,143
15,152
15,153
15,161
15,176
15,182
15,194
15,196
15,201
15,209
15,216
15,222
15,223
15,224
15,230
15,231
15,235
15,243
15,244
15,250
15,261
15,263
15,267
15,274
15,275
15,286
15,287
16,17
16,18
16,20
16,25
16,27
16,29
16,33
16,34
16,37
16,48
16,49
16,55
16,61
16,66
16,67
16,69
16,97
16,100
16,103
16,113
16,123
16,126
16,128
16,133
16,135
16,136
16,147
16,149
16,154
16,158
16,159
16,160
16,169
16,174
16,180
16,190
16,195
16,201
16,208
16,209
16,227
16,234
16,236
16,238
16,242
16,247
16,251
16,257
16,264
16,265
16,269
16,276
16,280
16,285
16,294
16,296
16,298
16,299
17,29
17,30
17,33
17,34
17,36
17,46
17,48
17,49
17,54
17,55
17,56
17,61
17,65
17,67
17,72
17,80
17,91
17,92
17,93
17,97
17,107
17,113
17,123
17,125
17,127
17,141
17,143
17,158
17,159
17,160
17,161
17,168
17,180
17,182
17,187
17,188
17,189
17,190
17,192
17,193
17,199
17,203
17,207
17,221
17,222
17,227
17,228
17,233
17,234
17,236
17,238
17,239
17,242
17,243
17,248
17,251
17,255
17,257
17,264
17,266
17,270
17,273
17,276
17,277
17,280
17,285
17,295
17,296
17,299
18,24
18,27
18,34
18,40
18,48
18,56
18,79
18,107
18,108
18,115
18,123
18,135
18,136
18,146
18,147
18,174
18,178
18,188
18,189
18,190
18,193
18,196
18,197
18,201
18,207
18,209
18,217
18,219
18,221
18,244
18,248
18,250
18,287
18,288
18,289
18,292
18,299
19,22
19,25
19,29
19,32
19,47
19,50
19,53
19,55
19,59
19,69
19,83
19,96
19,103
19,105
19,108
19,109
19,114
19,124
19,127
19,129
19,135
19,140
19,154
19,179
19,180
19,192
19,194
19,195
19,200
19,206
19,207
19,215
19,218
19,222
19,237
19,249
19,252
19,256
19,269
19,283
19,297
20,22
20,25
20,27
20,29
20,30
20,33
20,34
20,36
20,37
20,41
20,50
20,55
20,56
20,61
20,69
20,72
20,73
20,80
20,85
20,88
20,91
20,92
20,93
20,99
20,103
20,108
20,110
20,125
20,127
20,132
20,137
20,141
20,142
20,143
20,149
20,154
20,158
20,163
20,168
20,169
20,178
20,187
20,188
20,193
20,197
20,201
20,203
20,207
20,211
20,213
20,214
20,217
20,226
20,227
20,233
20,234
20,236
20,237
20,238
20,241
20,242
20,256
20,257
20,260
20,264
20,268
20,270
20,272
20,273
20,275
20,276
20,278
20,284
20,294
20,295
20,296
20,298
20,299
21,26
21,27
21,28
21,41
21,42
21,52
21,59
21,70
21,75
21,76
21,82
21,85
21,104
21,107
21,109
21,122
21,133
21,139
21,142
21,144
21,146
21,147
21,163
21,165
21,166
21,172
21,186
21,200
21,205
21,212
21,223
21,229
21,235
21,244
21,247
21,253
21,257
21,269
21,274
21,282
21,286
21,287
21,291
21,297
22,38
22,40
22,41
22,43
22,50
22,59
22,62
22,68
22,71
22,79
22,85
22,88
22,94
22,99
22,107
22,108
22,115
22,124
22,129
22,131
22,135
22,145
22,166
22,176
22,182
22,186
22,188
22,210
22,216
22,228
22,237
22,245
22,271
22,283
22,284
22,286
22,291
22,292
22,297
23,28
23,31
23,41
23,43
23,61
23,62
23,70
23,72
23,83
23,84
23,87
23,94
23,98
23,104
23,114
23,133
23,137
23,186
23,209
23,219
23,280
23,283
23,284
23,286
23,295
24,50
24,52
24,82
24,86
24,104
24,118
24,129
24,133
24,139
24,140
24,142
24,174
24,177
24,189
24,194
24,201
24,211
24,235
24,244
24,251
24,262
24,263
24,282
24,287
24,293
25,27
25,29
25,30
25,31
25,32
25,33
25,34
25,36
25,37
25,42
25,47
25,63
25,66
25,67
25,72
25,78
25,80
25,85
25,90
25,92
25,93
25,106
25,110
25,111
25,113
25,119
25,122
25,125
25,126
25,127
25,128
25,132
25,136
25,137
25,138
25,141
25,143
25,144
25,154
25,158
25,160
25,169
25,173
25,182
25,184
25,188
25,197
25,203
25,207
25,208
25,214
25,218
25,222
25,227
25,228
25,229
25,236
25,238
25,239
25,242
25,249
25,250
25,251
25,254
25,257
25,260
25,264
25,265
25,270
25,273
25,281
25,299
26,35
26,42
26,49
26,52
26,75
26,81
26,101
26,106
26,123
26,136
26,140
26,155
26,157
26,172
26,177
26,185
26,189
26,194
26,201
26,205
26,215
26,216
26,222
26,223
26,225
26,229
26,231
26,232
26,235
26,243
26,263
26,265
26,267
26,271
26,287
26,292
26,293
26,299
27,29
27,36
27,41
27,56
27,65
27,80
27,90
27,91
27,93
27,99
27,100
27,103
27,113
27,121
27,125
27,126
27,128
27,131
27,132
27,133
27,135
27,136
27,139
27,160
27,164
27,165
27,169
27,176
27,188
27,191
27,193
27,200
27,201
27,207
27,209
27,210
27,211
27,216
27,226
27,228
27,229
27,233
27,236
27,238
27,242
27,247
27,250
27,251
27,254
27,257
27,260
27,270
27,275
27,279
27,280
27,289
27,290
27,294
27,296
28,42
28,45
28,54
28,81
28,83
28,89
28,100
28,104
28,126
28,128
28,130
28,133
28,137
28,165
28,184
28,186
28,188
28,204
28,207
28,209
28,216
28,219
28,220
28,221
28,223
28,224
28,231
28,247
28,253
28,262
28,263
28,274
28,292
29,30
29,31
29,32
29,33
29,34
29,36
29,41
29,44
29,48
29,55
29,56
29,60
29,61
29,66
29,93
29,103
29,106
29,110
29,111
29,112
29,113
29,125
29,141
29,143
29,149
29,154
29,158
29,159
29,168
29,180
29,184
29,190
29,195
29,197
29,201
29,207
29,211
29,222
29,227
29,233
29,236
29,238
29,241
29,242
29,247
29,250
29,251
29,254
29,256
29,257
29,264
29,277
29,280
29,294
29,296
29,299
30,31
30,32
30,36
30,59
30,66
30,69
30,71
30,83
30,84
30,92
30,93
30,94
30,103
30,113
30,118
30,125
30,126
30,133
30,135
30,136
30,143
30,148
30,158
30,159
30,161
30,167
30,169
30,179
30,180
30,183
30,186
30,190
30,192
30,196
30,203
30,207
30,213
30,214
30,225
30,226
30,227
30,233
30,238
30,247
30,264
30,266
30,276
30,277
30,279
30,280
30,284
30,298
31,32
31,39
31,50
31,57
31,60
31,66
31,69
31,70
31,80
31,82
31,86
31,90
31,92
31,93
31,105
31,106
31,110
31,111
31,126
31,127
31,128
31,135
31,136
31,137
31,144
31,148
31,156
31,158
31,167
31,177
31,191
31,195
31,207
31,209
31,214
31,215
31,216
31,218
31,220
31,222
31,226
31,242
31,251
31,265
31,279
32,36
32,39
32,40
32,44
32,51
32,53
32,61
32,66
32,70
32,80
32,87
32,102
32,110
32,112
32,113
32,119
32,120
32,128
32,129
32,131
32,135
32,140
32,143
32,156
32,164
32,171
32,177
32,183
32,192
32,195
32,200
32,202
32,207
32,211
32,218
32,222
32,226
32,233
32,238
32,250
32,264
32,278
32,282
32,298
33,34
33,36
33,37
33,40
33,48
33,53
33,56
33,61
33,64
33,66
33,67
33,71
33,72
33,80
33,88
33,90
33,93
33,102
33,103
33,113
33,127
33,132
33,143
33,154
33,158
33,159
33,180
33,188
33,192
33,193
33,203
33,213
33,214
33,226
33,227
33,236
33,238
33,239
33,240
33,242
33,247
33,255
33,260
33,266
33,269
33,270
33,272
33,279
33,284
33,285
33,290
33,294
33,295
33,296
33,299
34,49
34,55
34,56
34,61
34,66
34,68
34,72
34,80
34,93
34,99
34,103
34,110
34,111
34,113
34,119
34,123
34,127
34,128
34,131
34,132
34,134
34,136
34,141
34,143
34,147
34,158
34,160
34,178
34,182
34,188
34,192
34,193
34,197
34,200
34,201
34,203
34,205
34,209
34,213
34,217
34,218
34,227
34,229
34,233
34,234
34,238
34,240
34,242
34,247
34,249
34,250
34,251
34,256
34,257
34,260
34,264
34,265
34,268
34,270
34,272
34,275
34,277
34,279
34,289
34,294
34,296
34,299
35,45
35,49
35,50
35,54
35,61
35,66
35,68
35,74
35,90
35,107
35,125
35,138
35,149
35,151
35,152
35,166
35,168
35,185
35,189
35,193
35,201
35,203
35,221
35,222
35,224
35,235
35,236
35,240
35,244
35,254
35,255
35,256
35,263
35,265
35,268
35,272
35,273
35,281
35,284
35,299
36,37
36,56
36,61
36,66
36,69
36,72
36,83
36,85
36,93
36,102
36,103
36,110
36,125
36,126
36,127
36,130
36,131
36,132
36,136
36,141
36,149
36,152
36,158
36,160
36,163
36,164
36,169
36,173
36,179
36,183
36,187
36,197
36,203
36,206
36,207
36,214
36,220
36,225
36,226
36,227
36,228
36,229
36,238
36,242
36,247
36,248
36,249
36,250
36,254
36,255
36,256
36,257
36,260
36,264
36,265
36,266
36,270
36,272
36,276
36,278
36,279
36,280
36,281
36,299
37,49
37,55
37,61
37,62
37,67
37,72
37,90
37,92
37,93
37,99
37,102
37,103
37,106
37,113
37,125
37,127
37,130
37,132
37,136
37,137
37,141
37,142
37,149
37,154
37,160
37,169
37,187
37,188
37,193
37,201
37,203
37,205
37,211
37,214
37,217
37,227
37,242
37,254
37,256
37,257
37,265
37,266
37,272
37,273
37,277
37,285
37,289
37,290
37,295
37,296
38,41
38,42
38,43
38,46
38,54
38,60
38,62
38,64
38,68
38,75
38,77
38,85
38,97
38,102
38,104
38,112
38,124
38,129
38,145
38,148
38,156
38,175
38,177
38,184
38,190
38,199
38,202
38,215
38,216
38,226
38,228
38,230
38,231
38,237
38,252
38,262
38,267
38,283
38,286
39,40
39,48
39,54
39,58
39,68
39,78
39,80
39,82
39,102
39,120
39,137
39,139
39,152
39,159
39,184
39,185
39,186
39,192
39,195
39,196
39,207
39,209
39,219
39,220
39,221
39,226
39,227
39,235
39,248
39,250
39,262
39,268
39,275
39,287
39,288
40,48
40,51
40,61
40,68
40,87
40,103
40,111
40,113
40,119
40,128
40,136
40,140
40,158
40,162
40,174
40,175
40,179
40,185
40,195
40,200
40,201
40,204
40,209
40,211
40,222
40,238
40,247
40,277
40,280
40,288
40,295
40,298
41,50
41,56
41,64
41,70
41,75
41,79
41,90
41,97
41,112
41,124
41,125
41,129
41,132
41,133
41,142
41,143
41,147
41,148
41,160
41,161
41,171
41,187
41,190
41,197
41,203
41,214
41,228
41,237
41,240
41,241
41,245
41,257
41,271
41,280
41,283
41,294
41,296
41,297
42,46
42,50
42,54
42,60
42,65
42,68
42,70
42,75
42,76
42,79
42,81
42,82
42,97
42,101
42,111
42,121
42,124
42,128
42,136
42,138
42,140
42,153
42,162
42,170
42,185
42,186
42,196
42,199
42,216
42,221
42,222
42,223
42,224
42,230
42,232
42,235
42,245
42,246
42,259
42,262
42,263
42,267
42,283
43,58
43,62
43,84
43,87
43,97
43,101
43,104
43,121
43,124
43,135
43,145
43,148
43,155
43,181
43,190
43,194
43,195
43,200
43,204
43,209
43,212
43,227
43,237
43,244
43,262
43,266
43,280
43,283
43,288
43,298
44,46
44,59
44,84
44,100
44,119
44,177
44,195
44,199
44,206
44,223
44,226
44,258
44,264
44,277
44,278
45,50
45,54
45,61
45,72
45,73
45,78
45,79
45,88
45,89
45,90
45,92
45,99
45,104
45,106
45,109
45,121
45,126
45,132
45,136
45,139
45,142
45,152
45,157
45,158
45,162
45,176
45,185
45,193
45,194
45,203
45,212
45,219
45,220
45,222
45,224
45,236
45,240
45,243
45,247
45,250
45,252
45,254
45,261
45,265
45,268
45,272
45,279
45,286
45,290
45,293
45,294
45,299
46,50
46,54
46,60
46,65
46,68
46,79
46,81
46,82
46,87
46,89
46,94
46,96
46,98
46,100
46,104
46,108
46,111
46,115
46,117
46,119
46,121
46,124
46,128
46,133
46,138
46,145
46,146
46,150
46,152
46,153
46,155
46,156
46,157
46,161
46,171
46,172
46,173
46,184
46,185
46,189
46,194
46,196
46,199
46,202
46,209
46,216
46,219
46,220
46,222
46,230
46,234
46,235
46,239
46,243
46,246
46,247
46,250
46,252
46,254
46,255
46,259
46,263
46,267
46,275
46,283
46,284
46,286
46,290
46,293
46,295
46,299
47,49
47,50
47,62
47,77
47,80
47,93
47,101
47,106
47,110
47,132
47,134
47,146
47,157
47,162
47,169
47,185
47,186
47,198
47,201
47,207
47,210
47,212
47,217
47,223
47,238
47,281
47,292
48,60
48,61
48,65
48,80
48,99
48,103
48,113
48,118
48,123
48,125
48,126
48,128
48,132
48,139
48,144
48,147
48,158
48,159
48,163
48,167
48,181
48,188
48,190
48,192
48,195
48,196
48,201
48,205
48,207
48,209
48,219
48,229
48,236
48,247
48,257
48,259
48,260
48,263
48,264
48,267
48,273
48,276
48,280
48,289
48,291
48,299
49,60
49,65
49,68
49,74
49,94
49,97
49,117
49,118
49,120
49,133
49,136
49,160
49,168
49,185
49,186
49,190
49,196
49,204
49,205
49,208
49,212
49,215
49,217
49,222
49,224
49,229
49,236
49,239
49,251
49,257
49,261
49,267
49,272
49,280
49,299
50,55
50,61
50,62
50,75
50,79
50,82
50,83
50,85
50,86
50,87
50,88
50,89
50,90
50,92
50,94
50,96
50,99
50,102
50,106
50,111
50,112
50,124
50,125
50,129
50,131
50,132
50,133
50,136
50,137
50,138
50,142
50,143
50,145
50,148
50,151
50,154
50,157
50,164
50,177
50,182
50,184
50,188
50,194
50,214
50,217
50,221
50,237
50,245
50,248
50,254
50,259
50,261
50,265
50,284
50,290
50,294
50,296
51,53
51,55
51,59
51,91
51,103
51,105
51,154
51,189
51,222
51,232
51,276
51,283
52,70
52,86
52,90
52,120
52,127
52,148
52,156
52,172
52,175
52,181
52,185
52,200
52,212
52,215
52,222
52,229
52,233
52,237
52,244
52,267
53,66
53,67
53,69
53,71
53,78
53,80
53,91
53,144
53,146
53,159
53,190
53,197
53,200
53,218
53,233
53,247
53,276
53,279
54,55
54,57
54,61
54,65
54,78
54,81
54,82
54,87
54,92
54,94
54,100
54,102
54,104
54,111
54,115
54,119
54,121
54,129
54,132
54,136
54,138
54,139
54,145
54,152
54,160
54,162
54,172
54,176
54,188
54,189
54,190
54,193
54,194
54,195
54,196
54,199
54,202
54,203
54,207
54,216
54,222
54,223
54,224
54,235
54,244
54,246
54,248
54,253
54,255
54,259
54,261
54,262
54,263
54,266
54,267
54,271
54,272
54,275
54,279
54,285
54,289
54,290
54,293
54,299
55,56
55,61
55,67
55,72
55,83
55,86
55,91
55,110
55,118
55,125
55,134
55,140
55,141
55,143
55,147
55,154
55,158
55,173
55,178
55,180
55,184
55,187
55,188
55,190
55,193
55,196
55,197
55,200
55,201
55,203
55,205
55,214
55,227
55,228
55,229
55,233
55,234
55,236
55,240
55,241
55,242
55,243
55,247
55,254
55,255
55,257
55,260
55,265
55,268
55,270
55,272
55,274
55,275
55,276
55,277
55,280
55,282
55,284
55,290
55,295
55,296
55,298
55,299
56,61
56,66
56,67
56,69
56,72
56,80
56,83
56,85
56,91
56,92
56,95
56,103
56,110
56,113
56,118
56,125
56,127
56,130
56,132
56,137
56,141
56,143
56,147
56,149
56,154
56,157
56,158
56,159
56,169
56,178
56,180
56,182
56,186
56,187
56,188
56,190
56,197
56,201
56,205
56,207
56,214
56,217
56,221
56,226
56,227
56,228
56,229
56,231
56,233
56,236
56,239
56,240
56,241
56,242
56,254
56,257
56,260
56,266
56,268
56,269
56,270
56,272
56,273
56,279
56,284
56,285
56,290
56,294
56,295
56,296
56,299
57,79
57,81
57,107
57,121
57,185
57,194
57,219
57,222
57,224
57,235
57,255
57,286
57,290
58,65
58,78
58,97
58,108
58,111
58,121
58,122
58,124
58,127
58,129
58,131
58,135
58,139
58,154
58,158
58,174
58,191
58,195
58,209
58,210
58,218
58,220
58,227
58,237
58,247
58,250
58,259
58,261
58,262
58,283
58,298
59,64
59,71
59,77
59,88
59,90
59,96
59,97
59,103
59,124
59,129
59,130
59,131
59,133
59,154
59,166
59,170
59,171
59,179
59,182
59,186
59,199
59,208
59,209
59,212
59,216
59,222
59,224
59,231
59,240
59,258
59,259
59,262
59,267
59,283
59,286
59,287
59,292
59,297
60,64
60,65
60,68
60,79
60,80
60,87
60,92
60,95
60,99
60,107
60,110
60,120
60,128
60,131
60,135
60,137
60,138
60,148
60,155
60,156
60,157
60,158
60,164
60,170
60,172
60,175
60,183
60,186
60,206
60,208
60,214
60,216
60,219
60,230
60,231
60,237
60,243
60,249
60,252
60,262
60,263
60,267
60,286
60,289
60,293
60,299
61,64
61,66
61,67
61,69
61,70
61,72
61,73
61,86
61,88
61,91
61,92
61,94
61,99
61,102
61,103
61,111
61,112
61,115
61,118
61,125
61,126
61,132
61,140
61,141
61,143
61,149
61,151
61,154
61,158
61,159
61,162
61,165
61,168
61,178
61,184
61,185
61,187
61,188
61,196
61,197
61,201
61,203
61,205
61,206
61,207
61,211
61,214
61,217
61,221
61,224
61,226
61,228
61,234
61,236
61,241
61,242
61,247
61,248
61,254
61,255
61,256
61,257
61,260
61,264
61,265
61,268
61,272
61,276
61,277
61,279
61,280
61,284
61,289
61,295
61,299
62,77
62,90
62,101
62,106
62,110
62,112
62,129
62,134
62,135
62,151
62,160
62,164
62,171
62,175
62,177
62,182
62,185
62,186
62,237
62,261
62,285
62,291
63,87
63,92
63,95
63,96
63,107
63,116
63,128
63,148
63,156
63,173
63,176
63,183
63,222
63,238
63,242
63,251
63,252
63,264
63,276
63,281
63,282
64,67
64,70
64,76
64,78
64,83
64,85
64,96
64,97
64,103
64,109
64,133
64,140
64,145
64,148
64,150
64,152
64,170
64,174
64,182
64,187
64,202
64,214
64,222
64,224
64,229
64,231
64,233
64,234
64,235
64,239
64,252
64,256
64,262
64,263
64,267
64,271
64,274
64,277
64,278
64,280
64,283
64,297
65,68
65,71
65,79
65,81
65,84
65,86
65,89
65,94
65,100
65,101
65,104
65,107
65,109
65,119
65,121
65,129
65,133
65,138
65,146
65,150
65,151
65,153
65,163
65,167
65,172
65,188
65,190
65,195
65,196
65,199
65,202
65,209
65,212
65,216
65,220
65,224
65,244
65,247
65,250
65,255
65,258
65,259
65,262
65,263
65,267
65,271
65,275
65,283
65,288
65,290
65,293
65,299
66,69
66,71
66,74
66,78
66,88
66,91
66,93
66,99
66,102
66,110
66,111
66,112
66,113
66,125
66,126
66,127
66,137
66,141
66,143
66,149
66,151
66,154
66,159
66,161
66,169
66,178
66,180
66,183
66,200
66,207
66,211
66,221
66,226
66,227
66,236
66,238
66,239
66,240
66,242
66,247
66,249
66,256
66,260
66,264
66,265
66,270
66,273
66,279
66,284
66,289
66,290
66,294
66,296
66,299
67,72
67,93
67,103
67,110
67,113
67,125
67,126
67,130
67,132
67,137
67,140
67,143
67,149
67,158
67,159
67,160
67,169
67,173
67,180
67,181
67,188
67,190
67,195
67,197
67,201
67,202
67,208
67,211
67,217
67,225
67,228
67,233
67,236
67,238
67,239
67,241
67,243
67,256
67,257
67,260
67,265
67,270
67,273
67,276
67,277
67,280
67,285
67,294
67,295
67,298
67,299
68,97
68,100
68,105
68,107
68,115
68,117
68,119
68,120
68,128
68,129
68,133
68,135
68,136
68,138
68,150
68,151
68,155
68,156
68,163
68,170
68,175
68,176
68,189
68,190
68,199
68,202
68,206
68,216
68,222
68,224
68,230
68,239
68,245
68,251
68,259
68,262
68,267
68,280
68,283
68,293
69,72
69,92
69,113
69,123
69,125
69,127
69,134
69,141
69,160
69,167
69,169
69,196
69,197
69,207
69,214
69,217
69,226
69,227
69,233
69,236
69,248
69,257
69,260
69,264
69,280
69,291
70,72
70,76
70,97
70,104
70,111
70,112
70,118
70,124
70,127
70,137
70,140
70,153
70,160
70,162
70,170
70,178
70,187
70,190
70,212
70,215
70,216
70,220
70,223
70,229
70,236
70,237
70,245
70,249
70,256
70,258
70,261
70,266
70,267
70,268
70,271
70,276
70,282
71,72
71,86
71,91
71,92
71,102
71,106
71,119
71,132
71,137
71,151
71,169
71,176
71,188
71,196
71,203
71,204
71,207
71,212
71,219
71,220
71,226
71,238
71,243
71,246
71,247
71,254
71,279
71,299
72,73
72,90
72,91
72,92
72,93
72,94
72,102
72,103
72,111
72,118
72,123
72,125
72,127
72,132
72,135
72,141
72,143
72,149
72,154
72,159
72,169
72,174
72,178
72,180
72,187
72,188
72,190
72,193
72,197
72,203
72,207
72,214
72,217
72,221
72,226
72,228
72,234
72,236
72,238
72,241
72,242
72,247
72,248
72,254
72,255
72,256
72,257
72,258
72,268
72,269
72,272
72,275
72,277
72,283
72,284
72,285
72,289
72,290
72,291
72,294
72,298
72,299
73,74
73,92
73,94
73,106
73,115
73,118
73,121
73,127
73,138
73,152
73,162
73,163
73,165
73,188
73,197
73,201
73,215
73,232
73,252
73,254
73,265
73,272
73,275
73,276
73,279
73,290
73,294
73,299
74,79
74,115
74,138
74,162
74,170
74,201
74,208
74,216
74,226
74,256
74,258
74,266
74,270
74,273
74,299
75,79
75,101
75,104
75,121
75,124
75,131
75,147
75,148
75,153
75,161
75,194
75,205
75,213
75,216
75,224
75,231
75,235
75,243
75,245
75,253
75,259
75,271
75,286
75,297
76,81
76,115
76,116
76,117
76,133
76,142
76,144
76,146
76,148
76,150
76,167
76,170
76,171
76,179
76,186
76,187
76,218
76,225
76,249
76,252
76,260
76,262
76,263
76,266
76,269
77,101
77,113
77,125
77,135
77,153
77,160
77,175
77,176
77,209
77,222
77,226
77,238
77,242
77,280
77,283
77,292
78,84
78,87
78,108
78,110
78,111
78,119
78,121
78,129
78,138
78,143
78,144
78,145
78,152
78,157
78,164
78,167
78,180
78,184
78,197
78,202
78,207
78,209
78,218
78,220
78,222
78,261
78,274
78,275
78,278
78,279
78,299
79,82
79,88
79,92
79,121
79,124
79,129
79,132
79,138
79,140
79,147
79,150
79,157
79,161
79,171
79,194
79,196
79,216
79,219
79,224
79,234
79,235
79,243
79,245
79,250
79,252
79,253
79,254
79,259
79,271
79,275
79,286
79,290
79,292
79,293
79,299
80,85
80,86
80,91
80,92
80,99
80,102
80,110
80,112
80,134
80,135
80,139
80,142
80,149
80,164
80,167
80,170
80,173
80,193
80,200
80,201
80,217
80,218
80,221
80,226
80,236
80,239
80,251
80,260
80,265
80,270
80,272
80,279
80,290
80,294
80,299
81,87
81,95
81,100
81,104
81,111
81,121
81,128
81,129
81,136
81,138
81,140
81,145
81,152
81,153
81,157
81,162
81,177
81,185
81,194
81,195
81,209
81,216
81,220
81,221
81,222
81,223
81,235
81,246
81,247
81,250
81,253
81,258
81,259
81,261
81,263
81,267
81,275
81,277
81,292
81,293
82,84
82,98
82,104
82,115
82,117
82,133
82,138
82,139
82,147
82,148
82,150
82,163
82,165
82,167
82,181
82,184
82,194
82,204
82,224
82,225
82,232
82,245
82,252
82,259
82,263
82,271
83,84
83,85
83,94
83,96
83,124
83,131
83,133
83,145
83,148
83,165
83,186
83,187
83,194
83,195
83,205
83,207
83,211
83,214
83,222
83,236
83,237
83,241
83,244
83,252
83,266
83,268
83,278
83,280
83,295
83,296
84,86
84,94
84,97
84,105
84,107
84,119
84,124
84,128
84,129
84,131
84,133
84,135
84,143
84,150
84,159
84,165
84,174
84,180
84,185
84,195
84,199
84,204
84,209
84,210
84,222
84,251
84,259
84,262
84,267
84,276
84,278
84,285
85,88
85,92
85,94
85,106
85,122
85,124
85,131
85,138
85,141
85,147
85,148
85,150
85,155
85,157
85,162
85,165
85,177
85,203
85,226
85,237
85,244
85,252
85,256
85,271
85,272
85,276
85,286
86,88
86,91
86,92
86,94
86,99
86,108
86,115
86,118
86,124
86,129
86,131
86,136
86,143
86,148
86,149
86,150
86,161
86,204
86,221
86,222
86,234
86,244
86,245
86,249
86,254
86,256
86,259
86,265
86,269
86,279
86,284
86,289
86,296
87,89
87,92
87,95
87,96
87,104
87,106
87,109
87,112
87,117
87,119
87,128
87,129
87,133
87,138
87,139
87,144
87,145
87,156
87,171
87,181
87,196
87,210
87,220
87,222
87,223
87,230
87,238
87,252
87,259
87,266
87,267
87,275
87,280
87,283
87,285
88,90
88,92
88,118
88,121
88,124
88,129
88,143
88,149
88,150
88,151
88,154
88,157
88,171
88,176
88,177
88,178
88,194
88,196
88,212
88,214
88,219
88,220
88,221
88,222
88,226
88,232
88,237
88,240
88,245
88,248
88,254
88,265
88,275
88,279
88,287
88,290
88,294
88,295
88,296
88,297
89,107
89,109
89,116
89,117
89,131
89,133
89,148
89,161
89,164
89,170
89,172
89,179
89,187
89,194
89,219
89,231
89,235
89,243
89,252
89,253
89,254
89,259
89,261
89,262
89,263
89,274
89,290
89,298
89,299
90,103
90,113
90,124
90,132
90,136
90,143
90,155
90,169
90,178
90,180
90,193
90,203
90,214
90,224
90,228
90,237
90,240
90,260
90,265
90,268
90,284
90,289
90,290
90,294
90,297
91,92
91,93
91,98
91,102
91,103
91,118
91,120
91,125
91,127
91,134
91,135
91,138
91,140
91,141
91,143
91,149
91,154
91,167
91,169
91,177
91,178
91,181
91,184
91,188
91,189
91,190
91,200
91,201
91,203
91,207
91,211
91,221
91,226
91,228
91,233
91,236
91,240
91,241
91,243
91,247
91,248
91,255
91,260
91,265
91,266
91,268
91,270
91,273
91,277
91,285
91,289
91,299
92,94
92,102
92,106
92,107
92,110
92,118
92,125
92,132
92,136
92,137
92,141
92,142
92,143
92,144
92,146
92,147
92,149
92,151
92,157
92,158
92,159
92,162
92,169
92,173
92,176
92,183
92,190
92,193
92,196
92,201
92,203
92,207
92,212
92,214
92,217
92,221
92,226
92,228
92,232
92,233
92,236
92,239
92,240
92,241
92,242
92,248
92,251
92,255
92,265
92,268
92,272
92,275
92,276
92,279
92,285
92,289
92,290
92,291
92,296
93,102
93,103
93,106
93,111
93,113
93,119
93,123
93,125
93,127
93,134
93,137
93,141
93,142
93,143
93,154
93,156
93,158
93,159
93,160
93,164
93,169
93,173
93,180
93,181
93,182
93,200
93,203
93,207
93,208
93,209
93,212
93,213
93,214
93,227
93,229
93,233
93,236
93,238
93,240
93,247
93,255
93,256
93,260
93,265
93,270
93,277
93,279
93,280
93,281
93,290
93,295
93,296
93,298
94,96
94,124
94,125
94,131
94,133
94,145
94,150
94,151
94,152
94,158
94,182
94,185
94,190
94,194
94,196
94,203
94,204
94,207
94,212
94,234
94,244
94,245
94,248
94,259
94,266
94,275
94,283
94,284
95,117
95,121
95,130
95,139
95,158
95,173
95,211
95,233
95,238
95,246
95,252
95,264
95,272
95,275
96,97
96,103
96,107
96,109
96,133
96,140
96,146
96,148
96,150
96,152
96,166
96,171
96,174
96,185
96,187
96,200
96,201
96,204
96,211
96,224
96,225
96,231
96,234
96,245
96,252
96,256
96,271
96,278
96,280
96,283
96,284
96,297
97,103
97,105
97,110
97,113
97,118
97,124
97,126
97,129
97,133
97,135
97,136
97,154
97,160
97,161
97,174
97,180
97,190
97,199
97,202
97,204
97,209
97,216
97,218
97,222
97,224
97,225
97,228
97,229
97,233
97,240
97,243
97,262
97,268
97,276
97,283
97,285
97,286
97,293
97,294
97,297
98,121
98,138
98,145
98,148
98,157
98,167
98,168
98,181
98,182
98,183
98,219
98,237
98,253
98,259
98,267
98,290
99,107
99,108
99,118
99,125
99,126
99,129
99,142
99,147
99,148
99,149
99,151
99,158
99,166
99,169
99,176
99,178
99,183
99,188
99,193
99,201
99,203
99,205
99,215
99,217
99,225
99,228
99,242
99,245
99,248
99,251
99,256
99,260
99,268
99,270
99,272
99,273
99,275
99,284
99,289
99,290
99,294
99,299
100,101
100,104
100,111
100,113
100,117
100,121
100,123
100,126
100,136
100,145
100,153
100,155
100,162
100,165
100,174
100,176
100,189
100,192
100,193
100,195
100,199
100,204
100,207
100,209
100,212
100,222
100,223
100,227
100,230
100,235
100,237
100,243
100,250
100,259
100,261
100,262
100,267
100,271
100,275
100,279
100,283
100,293
100,295
101,106
101,111
101,124
101,136
101,146
101,172
101,177
101,189
101,191
101,193
101,196
101,207
101,209
101,216
101,222
101,223
101,224
101,235
101,243
101,250
101,251
101,267
101,287
101,293
102,106
102,129
102,137
102,138
102,139
102,143
102,151
102,152
102,164
102,169
102,171
102,173
102,184
102,188
102,200
102,203
102,226
102,239
102,260
102,264
102,279
102,290
102,296
103,108
103,110
103,113
103,126
103,127
103,132
103,133
103,135
103,140
103,141
103,143
103,144
103,148
103,152
103,154
103,158
103,168
103,179
103,187
103,188
103,195
103,197
103,200
103,203
103,205
103,207
103,209
103,214
103,226
103,227
103,233
103,238
103,241
103,247
103,250
103,256
103,257
103,270
103,272
103,276
103,277
103,278
103,279
103,280
103,286
103,295
103,298
103,299
104,133
104,138
104,144
104,145
104,153
104,155
104,156
104,158
104,165
104,170
104,190
104,195
104,196
104,209
104,222
104,223
104,230
104,234
104,235
104,239
104,243
104,245
104,247
104,253
104,259
104,262
104,267
104,269
104,271
104,274
104,275
104,280
104,282
104,285
104,292
104,297
105,112
105,127
105,135
105,155
105,156
105,158
105,169
105,174
105,179
105,181
105,190
105,200
105,207
105,213
105,222
105,224
105,225
105,226
105,249
105,251
105,273
105,275
105,276
105,278
105,279
105,294
105,298
106,110
106,121
106,129
106,132
106,136
106,137
106,138
106,141
106,142
106,143
106,145
106,147
106,152
106,154
106,157
106,158
106,163
106,169
106,182
106,189
106,196
106,197
106,201
106,212
106,214
106,223
106,229
106,235
106,248
106,251
106,254
106,257
106,261
106,266
106,267
106,272
106,281
106,286
106,287
106,290
106,294
107,108
107,110
107,116
107,123
107,146
107,150
107,151
107,160
107,163
107,180
107,181
107,182
107,183
107,185
107,186
107,208
107,216
107,221
107,227
107,235
107,246
107,249
107,251
107,257
107,259
107,262
107,271
107,284
108,112
108,115
108,129
108,144
108,146
108,147
108,210
108,212
108,217
108,237
108,244
108,283
108,284
109,111
109,116
109,118
109,131
109,137
109,147
109,148
109,152
109,170
109,172
109,184
109,186
109,188
109,194
109,216
109,219
109,224
109,231
109,234
109,235
109,253
109,255
109,262
109,267
109,274
109,287
109,293
109,297
110,111
110,112
110,113
110,119
110,123
110,126
110,127
110,132
110,137
110,141
110,142
110,143
110,144
110,149
110,154
110,160
110,161
110,163
110,180
110,183
110,187
110,197
110,202
110,207
110,208
110,213
110,217
110,218
110,227
110,228
110,229
110,233
110,238
110,239
110,242
110,249
110,251
110,254
110,255
110,260
110,261
110,265
110,266
110,270
110,276
110,277
110,279
110,281
110,285
110,291
111,112
111,119
111,123
111,127
111,128
111,132
111,133
111,136
111,138
111,143
111,145
111,153
111,172
111,174
111,175
111,177
111,178
111,180
111,181
111,182
111,184
111,195
111,202
111,207
111,216
111,218
111,221
111,222
111,223
111,238
111,250
111,254
111,261
111,267
111,268
111,271
111,275
111,286
111,289
112,120
112,122
112,124
112,131
112,134
112,155
112,164
112,167
112,170
112,171
112,175
112,185
112,186
112,198
112,200
112,209
112,215
112,221
112,227
112,230
112,231
112,237
112,250
112,251
112,268
112,270
112,275
112,289
112,297
113,125
113,126
113,132
113,134
113,135
113,136
113,137
113,141
113,149
113,154
113,158
113,159
113,161
113,169
113,173
113,174
113,178
113,180
113,183
113,188
113,192
113,197
113,201
113,203
113,207
113,209
113,213
113,217
113,226
113,227
113,228
113,229
113,233
113,234
113,238
113,241
113,242
113,249
113,250
113,257
113,258
113,260
113,264
113,266
113,273
113,275
113,276
113,277
113,280
113,285
113,294
113,298
113,299
114,127
114,129
114,131
114,148
114,154
114,173
114,185
114,194
114,215
114,231
114,232
114,245
114,252
114,262
115,117
115,121
115,124
115,127
115,138
115,145
115,146
115,151
115,162
115,163
115,165
115,167
115,170
115,172
115,176
115,181
115,185
115,206
115,210
115,218
115,219
115,221
115,245
115,251
115,252
115,271
115,279
116,130
116,148
116,156
116,186
116,187
116,245
116,274
117,122
117,138
117,151
117,164
117,170
117,176
117,182
117,217
117,252
117,262
117,271
117,282
117,292
118,121
118,136
118,139
118,141
118,149
118,158
118,159
118,165
118,188
118,190
118,203
118,205
118,214
118,217
118,221
118,232
118,239
118,241
118,242
118,248
118,254
118,268
118,272
118,285
118,290
118,291
118,294
118,295
119,134
119,135
119,138
119,145
119,152
119,156
119,163
119,188
119,194
119,200
119,204
119,207
119,209
119,216
119,218
119,222
119,223
119,230
119,233
119,247
119,250
119,254
119,256
119,259
119,267
119,277
119,278
119,280
119,288
119,290
119,291
120,146
120,148
120,156
120,157
120,164
120,167
120,172
120,181
120,183
120,186
120,189
120,215
120,219
120,228
120,282
120,289
120,291
120,293
121,122
121,129
121,138
121,139
121,140
121,145
121,152
121,153
121,157
121,162
121,164
121,171
121,194
121,196
121,197
121,210
121,216
121,220
121,221
121,223
121,224
121,227
121,230
121,232
121,235
121,246
121,247
121,252
121,253
121,254
121,259
121,261
121,267
121,288
121,292
121,295
121,299
122,138
122,139
122,153
122,167
122,170
122,175
122,186
122,208
122,215
122,251
122,252
122,264
122,279
123,126
123,132
123,136
123,147
123,154
123,159
123,169
123,178
123,181
123,182
123,186
123,196
123,197
123,200
123,207
123,226
123,227
123,228
123,229
123,237
123,249
123,251
123,257
123,260
123,264
123,272
123,273
123,275
123,291
124,129
124,131
124,145
124,154
124,161
124,182
124,194
124,212
124,231
124,234
124,237
124,243
124,244
124,245
124,253
124,259
124,283
124,284
124,297
125,127
125,130
125,132
125,137
125,141
125,143
125,149
125,158
125,159
125,169
125,178
125,180
125,182
125,188
125,189
125,193
125,197
125,201
125,203
125,207
125,214
125,217
125,226
125,228
125,233
125,234
125,236
125,238
125,242
125,248
125,254
125,255
125,257
125,260
125,264
125,270
125,273
125,276
125,285
125,289
125,294
125,296
125,299
126,132
126,135
126,136
126,141
126,149
126,154
126,158
126,169
126,178
126,188
126,193
126,196
126,201
126,207
126,209
126,217
126,218
126,225
126,228
126,229
126,236
126,250
126,256
126,257
126,260
126,264
126,265
126,272
126,273
126,275
126,276
126,279
126,289
126,299
127,130
127,136
127,140
127,143
127,160
127,180
127,187
127,190
127,200
127,201
127,202
127,203
127,213
127,215
127,225
127,226
127,227
127,233
127,236
127,238
127,242
127,247
127,249
127,256
127,266
127,270
127,278
127,289
127,298
128,131
128,136
128,137
128,156
128,160
128,162
128,165
128,176
128,181
128,192
128,195
128,196
128,198
128,202
128,207
128,209
128,216
128,222
128,223
128,224
128,225
128,229
128,235
128,236
128,238
128,247
128,250
128,251
128,259
128,263
128,275
128,276
128,282
128,289
129,131
129,135
129,137
129,138
129,139
129,144
129,154
129,184
129,185
129,190
129,194
129,204
129,216
129,222
129,262
129,265
129,275
129,283
129,287
129,293
129,297
130,158
130,170
130,187
130,188
130,198
130,217
130,236
130,243
130,266
130,277
130,294
130,296
131,135
131,136
131,145
131,147
131,148
131,150
131,154
131,164
131,171
131,192
131,194
131,195
131,200
131,209
131,212
131,237
131,238
131,244
131,245
131,251
131,252
131,262
131,297
132,136
132,137
132,138
132,141
132,142
132,143
132,149
132,157
132,169
132,180
132,188
132,190
132,193
132,197
132,201
132,203
132,205
132,207
132,217
132,228
132,233
132,236
132,239
132,242
132,248
132,250
132,254
132,256
132,257
132,260
132,261
132,265
132,266
132,268
132,272
132,273
132,279
132,280
132,285
132,290
132,296
132,299
133,138
133,140
133,150
133,156
133,162
133,170
133,185
133,186
133,187
133,201
133,202
133,222
133,224
133,231
133,235
133,239
133,241
133,243
133,245
133,259
133,262
133,263
133,267
133,269
133,280
133,283
133,284
133,286
133,288
133,292
134,140
134,169
134,173
134,178
134,180
134,181
134,200
134,207
134,213
134,214
134,215
134,242
134,243
134,250
134,256
134,277
134,291
134,298
134,299
135,154
135,158
135,161
135,164
135,174
135,175
135,178
135,180
135,181
135,190
135,195
135,198
135,200
135,209
135,214
135,218
135,222
135,226
135,229
135,233
135,237
135,238
135,247
135,249
135,251
135,270
135,276
135,279
135,280
136,137
136,143
136,149
136,153
136,154
136,158
136,160
136,169
136,180
136,187
136,189
136,190
136,192
136,193
136,195
136,196
136,201
136,204
136,209
136,213
136,216
136,222
136,223
136,229
136,238
136,245
136,251
136,257
136,263
136,265
136,267
136,275
136,276
136,277
136,279
136,281
136,289
137,141
137,142
137,143
137,144
137,147
137,149
137,154
137,157
137,159
137,169
137,177
137,178
137,184
137,186
137,187
137,188
137,191
137,205
137,207
137,208
137,214
137,217
137,226
137,233
137,236
137,240
137,241
137,255
137,258
137,260
137,265
137,266
137,268
137,269
137,270
137,280
137,289
137,294
138,139
138,140
138,147
138,151
138,152
138,156
138,157
138,162
138,164
138,171
138,172
138,177
138,184
138,189
138,190
138,196
138,197
138,202
138,203
138,207
138,210
138,216
138,218
138,221
138,226
138,230
138,232
138,243
138,248
138,252
138,254
138,255
138,267
138,271
138,279
138,290
139,141
139,142
139,147
139,148
139,152
139,153
139,154
139,156
139,157
139,165
139,168
139,184
139,186
139,191
139,202
139,210
139,212
139,215
139,219
139,230
139,232
139,251
139,252
139,253
139,259
139,261
139,262
139,267
139,272
139,274
139,282
139,290
140,143
140,153
140,154
140,158
140,162
140,181
140,185
140,196
140,197
140,201
140,202
140,211
140,215
140,221
140,222
140,224
140,232
140,235
140,236
140,241
140,243
140,247
140,252
140,256
140,271
140,277
140,280
140,295
140,298
141,147
141,149
141,154
141,168
141,169
141,171
141,178
141,180
141,184
141,188
141,190
141,193
141,197
141,200
141,201
141,205
141,206
141,207
141,211
141,214
141,217
141,221
141,227
141,229
141,233
141,239
141,242
141,247
141,250
141,254
141,256
141,257
141,260
141,266
141,270
141,273
141,279
141,281
141,282
141,285
141,290
141,291
141,294
141,295
141,298
141,299
142,147
142,151
142,157
142,158
142,173
142,186
142,189
142,212
142,214
142,240
142,242
142,258
142,260
142,268
142,272
142,282
142,294
142,296
143,154
143,158
143,161
143,169
143,180
143,183
143,197
143,202
143,203
143,207
143,226
143,227
143,236
143,238
143,241
143,242
143,251
143,254
143,256
143,260
143,265
143,270
143,272
143,276
143,277
143,279
143,289
143,290
143,295
143,296
143,298
143,299
144,171
144,184
144,218
144,247
144,286
145,155
145,157
145,164
145,177
145,210
145,216
145,220
145,222
145,259
145,262
145,267
145,271
145,283
145,287
145,297
146,151
146,155
146,171
146,174
146,185
146,189
146,196
146,199
146,221
146,223
146,251
146,259
146,262
146,271
146,283
146,284
146,287
146,292
147,156
147,157
147,158
147,172
147,173
147,187
147,192
147,193
147,194
147,196
147,205
147,213
147,215
147,219
147,221
147,229
147,232
147,235
147,241
147,251
147,252
147,253
147,262
147,263
147,272
147,281
147,289
148,150
148,167
148,170
148,172
148,183
148,187
148,214
148,215
148,219
148,225
148,231
148,237
148,245
148,249
148,252
148,256
148,259
148,263
148,266
148,267
148,271
148,278
148,288
149,154
149,163
149,169
149,173
149,180
149,184
149,187
149,188
149,197
149,201
149,203
149,205
149,207
149,211
149,214
149,221
149,226
149,233
149,234
149,236
149,239
149,241
149,242
149,255
149,256
149,265
149,270
149,272
149,273
149,282
149,284
149,294
149,299
150,151
150,165
150,176
150,180
150,194
150,204
150,219
150,222
150,224
150,250
150,256
150,259
150,269
151,164
151,170
151,173
151,176
151,196
151,217
151,221
151,239
151,254
151,271
151,279
151,290
151,292
152,153
152,157
152,164
152,171
152,177
152,188
152,194
152,196
152,218
152,222
152,224
152,235
152,252
152,254
152,262
152,266
152,267
152,274
152,286
152,287
152,290
153,156
153,170
153,172
153,175
153,184
153,185
153,194
153,196
153,209
153,215
153,216
153,219
153,220
153,222
153,223
153,229
153,247
153,250
153,252
153,254
153,261
153,263
153,267
153,280
153,281
153,287
153,292
154,158
154,159
154,161
154,169
154,179
154,180
154,187
154,190
154,191
154,196
154,197
154,200
154,201
154,202
154,203
154,204
154,207
154,208
154,209
154,211
154,214
154,218
154,226
154,227
154,233
154,236
154,238
154,240
154,242
154,247
154,257
154,258
154,266
154,270
154,273
154,277
154,278
154,279
154,291
154,294
154,296
154,299
155,156
155,163
155,172
155,177
155,184
155,194
155,223
155,230
155,232
155,237
155,239
155,245
155,252
155,297
156,172
156,174
156,183
156,184
156,185
156,202
156,204
156,206
156,207
156,210
156,216
156,218
156,230
156,232
156,233
156,237
156,249
156,252
156,263
156,267
156,275
156,278
156,279
157,162
157,164
157,172
157,177
157,185
157,188
157,196
157,216
157,218
157,219
157,221
157,235
157,243
157,253
157,254
157,267
157,271
157,288
157,290
157,293
158,159
158,160
158,169
158,174
158,178
158,179
158,182
158,190
158,192
158,193
158,196
158,197
158,205
158,209
158,227
158,228
158,229
158,230
158,233
158,238
158,241
158,251
158,257
158,264
158,265
158,266
158,268
158,269
158,270
158,272
158,275
158,276
158,277
158,279
158,281
158,285
158,289
158,294
158,296
158,298
158,299
159,161
159,174
159,178
159,179
159,180
159,181
159,190
159,192
159,197
159,226
159,227
159,229
159,236
159,239
159,241
159,242
159,257
159,264
159,269
159,276
159,280
159,289
159,296
159,298
160,180
160,181
160,190
160,205
160,206
160,208
160,209
160,211
160,227
160,232
160,233
160,236
160,237
160,238
160,242
160,248
160,250
160,277
160,280
160,281
160,282
160,285
160,298
161,180
161,181
161,187
161,190
161,192
161,194
161,197
161,220
161,227
161,236
161,244
161,257
161,269
161,276
161,294
161,296
162,165
162,171
162,176
162,181
162,185
162,193
162,196
162,203
162,221
162,226
162,235
162,238
162,253
162,254
162,259
162,261
162,267
162,272
162,279
162,290
163,165
163,170
163,176
163,180
163,183
163,186
163,190
163,197
163,208
163,214
163,217
163,223
163,230
163,232
163,248
163,251
163,256
163,257
163,275
163,285
163,289
163,291
163,294
163,295
164,167
164,171
164,177
164,189
164,202
164,204
164,219
164,230
164,235
164,255
164,265
164,274
164,287
165,186
165,194
165,232
165,235
165,251
165,253
165,256
165,259
165,275
165,291
165,295
166,174
166,213
166,215
166,231
166,283
167,170
167,172
167,181
167,182
167,186
167,188
167,218
167,219
167,260
168,170
168,185
168,218
168,222
168,227
168,267
168,295
169,176
169,178
169,179
169,180
169,188
169,197
169,201
169,203
169,207
169,214
169,226
169,228
169,233
169,239
169,241
169,242
169,247
169,251
169,254
169,256
169,260
169,268
169,270
169,273
169,276
169,278
169,279
169,280
169,285
169,289
169,294
169,296
170,182
170,183
170,186
170,188
170,198
170,221
170,245
170,262
170,291
171,174
171,185
171,196
171,199
171,208
171,231
171,238
171,243
171,267
171,286
172,181
172,184
172,187
172,189
172,200
172,206
172,209
172,212
172,215
172,235
172,243
172,244
172,250
172,253
172,262
172,263
172,278
172,288
172,297
173,183
173,188
173,201
173,203
173,215
173,221
173,227
173,230
173,242
173,248
173,251
173,254
173,257
173,290
173,295
174,180
174,195
174,202
174,204
174,209
174,213
174,222
174,227
174,228
174,229
174,249
174,280
174,297
174,298
175,180
175,184
175,189
175,206
175,215
175,245
175,251
175,282
176,219
176,238
176,246
176,275
176,279
176,289
176,293
177,184
177,185
177,186
177,188
177,195
177,197
177,199
177,207
177,210
177,219
177,220
177,221
177,223
177,228
177,250
177,253
177,255
177,259
177,262
177,267
177,288
177,290
178,180
178,187
178,188
178,193
178,197
178,201
178,207
178,214
178,236
178,240
178,241
178,242
178,247
178,249
178,255
178,256
178,257
178,264
178,268
178,270
178,273
178,277
178,289
178,295
178,299
179,187
179,206
179,207
179,209
179,227
179,240
179,247
179,250
179,278
179,296
179,298
180,182
180,183
180,184
180,192
180,197
180,201
180,204
180,207
180,208
180,211
180,213
180,214
180,225
180,229
180,233
180,236
180,237
180,239
180,242
180,247
180,256
180,260
180,265
180,270
180,275
180,277
180,280
180,285
180,294
180,295
180,298
181,186
181,189
181,190
181,195
181,197
181,202
181,209
181,215
181,225
181,226
181,227
181,229
181,230
181,232
181,237
181,238
181,298
182,188
182,192
182,218
182,227
182,234
182,236
182,237
182,249
182,259
182,264
182,284
182,288
183,192
183,198
183,216
183,225
183,232
183,233
183,234
183,239
183,242
183,249
183,251
183,264
183,270
183,278
183,279
183,289
183,291
183,294
183,295
184,186
184,189
184,196
184,197
184,219
184,221
184,231
184,243
184,247
184,252
184,254
184,259
184,261
184,270
184,272
184,288
184,290
184,299
185,189
185,203
185,206
185,210
185,215
185,219
185,221
185,222
185,235
185,237
185,243
185,261
185,263
185,265
185,269
185,283
185,286
185,287
185,293
185,295
186,205
186,215
186,219
186,221
186,231
186,232
186,268
186,291
186,297
186,299
187,190
187,200
187,202
187,204
187,208
187,211
187,214
187,227
187,231
187,234
187,236
187,241
187,243
187,245
187,249
187,256
187,263
187,266
187,269
187,278
187,285
187,294
187,296
187,298
187,299
188,193
188,194
188,197
188,200
188,201
188,203
188,217
188,233
188,234
188,236
188,242
188,247
188,254
188,255
188,257
188,260
188,262
188,265
188,268
188,270
188,272
188,273
188,279
188,289
188,294
188,299
189,192
189,196
189,199
189,204
189,213
189,224
189,229
189,230
189,243
189,248
189,255
189,278
189,287
189,293
190,195
190,196
190,199
190,203
190,204
190,209
190,213
190,214
190,216
190,227
190,229
190,232
190,248
190,251
190,257
190,259
190,261
190,273
190,275
190,276
190,277
190,282
190,285
190,293
190,294
190,295
190,298
191,209
191,211
191,227
191,247
191,259
191,298
192,194
192,195
192,204
192,209
192,223
192,225
192,229
192,237
192,238
192,248
192,250
192,256
192,264
192,269
192,275
192,279
193,196
193,201
193,203
193,221
193,223
193,228
193,229
193,235
193,250
193,253
193,254
193,257
193,261
193,268
193,272
193,273
193,275
193,279
193,281
193,284
193,296
193,299
194,196
194,212
194,223
194,231
194,237
194,243
194,245
194,247
194,250
194,259
194,261
194,262
194,263
194,267
194,287
194,290
195,209
195,215
195,222
195,235
195,237
195,249
195,251
195,252
195,267
195,275
195,277
195,285
195,298
196,201
196,203
196,205
196,216
196,219
196,221
196,224
196,229
196,232
196,239
196,243
196,246
196,248
196,250
196,253
196,259
196,261
196,263
196,266
196,267
196,268
196,272
196,277
196,281
196,286
196,292
196,299
197,201
197,203
197,207
197,208
197,214
197,217
197,218
197,221
197,225
197,227
197,228
197,229
197,233
197,236
197,238
197,239
197,241
197,242
197,254
197,255
197,256
197,257
197,260
197,264
197,265
197,270
197,272
197,273
197,276
197,279
197,290
197,294
197,295
197,299
198,210
198,229
198,236
198,249
198,251
198,281
199,204
199,209
199,222
199,230
199,258
199,261
199,263
199,287
200,209
200,212
200,215
200,225
200,226
200,229
200,231
200,234
200,243
200,247
200,250
200,256
200,275
200,279
200,290
200,299
201,203
201,205
201,207
201,208
201,211
201,226
201,228
201,232
201,235
201,236
201,239
201,241
201,242
201,243
201,254
201,255
201,256
201,260
201,263
201,264
201,266
201,270
201,273
201,275
201,281
201,284
201,286
201,289
201,290
201,295
201,298
201,299
202,216
202,218
202,220
202,227
202,238
202,239
202,243
202,276
202,280
202,283
202,285
202,298
203,205
203,208
203,214
203,226
203,233
203,234
203,239
203,242
203,248
203,255
203,256
203,257
203,260
203,266
203,272
203,273
203,275
203,281
203,284
203,285
203,290
203,294
203,299
204,224
204,225
204,235
204,239
204,240
204,243
204,244
204,252
204,262
204,263
204,266
204,269
204,279
204,283
204,292
204,297
205,207
205,213
205,217
205,229
205,231
205,232
205,233
205,234
205,241
205,256
205,260
205,264
205,266
205,272
205,277
205,280
205,281
205,285
205,286
205,291
205,292
205,299
206,209
206,224
206,226
206,249
206,250
207,209
207,214
207,216
207,218
207,220
207,221
207,224
207,226
207,227
207,228
207,229
207,232
207,233
207,236
207,244
207,247
207,250
207,254
207,255
207,257
207,260
207,270
207,275
207,276
207,278
207,279
207,280
207,294
207,295
207,299
208,213
208,238
208,239
208,247
208,257
208,262
208,266
208,273
208,277
208,281
208,285
208,298
208,299
209,222
209,225
209,227
209,249
209,250
209,262
209,264
209,267
209,275
209,276
209,288
209,295
209,298
210,215
210,220
210,230
210,237
210,253
210,259
210,270
210,282
210,283
211,214
211,232
211,236
211,241
211,256
211,276
211,285
211,294
211,296
211,298
211,299
212,215
212,237
212,240
212,244
212,258
212,262
212,268
212,269
212,283
212,285
212,286
212,287
213,214
213,227
213,229
213,241
213,242
213,247
213,256
213,273
213,274
213,276
213,277
213,278
213,281
214,218
214,227
214,233
214,236
214,237
214,238
214,239
214,241
214,247
214,255
214,256
214,257
214,260
214,265
214,266
214,268
214,270
214,277
214,280
214,283
214,284
214,285
214,289
214,291
214,295
214,296
215,231
215,232
215,235
215,237
215,243
215,249
215,252
215,256
215,282
215,289
216,222
216,224
216,228
216,244
216,249
216,250
216,254
216,263
216,267
216,271
216,286
216,292
216,293
216,297
217,221
217,233
217,236
217,239
217,242
217,260
217,268
217,272
217,285
217,289
218,226
218,227
218,228
218,233
218,236
218,238
218,250
218,252
218,257
218,268
219,221
219,224
219,235
219,250
219,254
219,259
219,284
219,286
219,288
219,299
220,247
220,250
220,253
220,262
220,268
220,275
220,276
220,287
220,288
220,292
220,297
221,222
221,226
221,229
221,232
221,233
221,238
221,248
221,254
221,262
221,277
221,279
221,288
221,290
221,295
222,223
222,224
222,230
222,232
222,243
222,250
222,259
222,263
222,267
222,269
222,271
222,280
222,281
222,283
222,287
222,290
222,299
223,225
223,229
223,238
223,240
223,261
223,267
223,268
223,269
223,292
223,293
224,235
224,243
224,250
224,262
224,263
224,278
224,286
224,293
224,299
225,229
225,233
225,237
225,238
225,249
225,250
225,252
225,256
225,264
225,265
225,266
225,275
225,276
225,278
225,279
225,289
225,298
226,228
226,236
226,238
226,249
226,254
226,256
226,260
226,264
226,270
226,272
226,275
226,276
226,278
226,279
226,290
226,294
226,296
226,299
227,233
227,237
227,242
227,246
227,257
227,269
227,270
227,275
227,280
227,282
227,295
227,298
228,233
228,237
228,240
228,242
228,251
228,255
228,256
228,257
228,260
228,264
228,268
228,270
228,279
228,286
229,233
229,235
229,238
229,239
229,250
229,256
229,260
229,276
229,279
229,281
229,282
229,287
229,289
230,252
230,261
230,267
230,271
230,274
230,283
230,297
231,234
231,235
231,243
231,246
231,252
231,259
231,263
231,266
231,267
231,274
231,297
231,299
232,235
232,241
232,252
232,262
232,275
232,289
232,291
232,292
232,294
232,299
233,236
233,237
233,242
233,247
233,250
233,256
233,257
233,266
233,269
233,270
233,273
233,275
233,277
233,278
233,279
233,280
233,281
233,285
233,291
233,295
233,296
234,235
234,236
234,250
234,264
234,268
234,282
234,283
234,284
234,287
234,296
235,243
235,245
235,246
235,253
235,262
235,263
235,271
235,274
235,287
235,288
235,292
235,297
236,239
236,240
236,241
236,247
236,255
236,256
236,257
236,258
236,260
236,265
236,268
236,269
236,270
236,272
236,273
236,276
236,277
236,279
236,280
236,285
236,289
236,296
236,298
236,299
237,238
237,244
237,252
237,268
237,283
238,247
238,250
238,257
238,260
238,265
238,270
238,277
238,279
238,295
239,240
239,241
239,243
239,248
239,255
239,260
239,265
239,266
239,269
239,270
239,273
239,285
239,290
239,292
239,295
239,299
240,247
240,248
240,255
240,260
240,265
240,268
240,270
240,282
240,285
240,290
240,294
240,296
240,299
241,242
241,247
241,248
241,255
241,256
241,257
241,266
241,268
241,273
241,276
241,277
241,280
241,282
241,285
241,295
241,298
241,299
242,256
242,257
242,260
242,269
242,273
242,277
242,281
242,282
242,284
242,291
242,294
242,295
242,299
243,247
243,248
243,254
243,259
243,267
243,274
243,281
243,285
243,290
243,299
244,245
244,252
244,256
244,268
244,269
244,283
244,285
244,286
244,288
244,296
244,297
245,253
245,262
245,287
245,288
245,297
246,262
246,271
247,250
247,255
247,257
247,261
247,270
247,280
247,282
247,283
247,285
247,290
247,298
248,260
248,266
248,268
248,273
248,275
248,277
248,279
248,280
248,285
248,289
248,290
248,291
248,295
248,299
249,251
249,279
249,294
249,297
250,261
250,264
250,265
250,267
250,268
250,275
250,279
250,293
250,299
251,252
251,264
251,268
251,270
251,275
251,276
251,279
251,282
251,289
251,294
252,256
252,263
252,271
252,272
252,278
252,279
252,289
252,295
253,254
253,262
253,263
253,287
253,288
253,290
253,292
254,255
254,260
254,261
254,271
254,272
254,273
254,274
254,279
254,286
254,290
254,299
255,265
255,270
255,290
255,295
255,299
256,257
256,258
256,260
256,266
256,269
256,270
256,272
256,275
256,276
256,278
256,279
256,282
256,284
256,285
256,289
256,299
257,260
257,270
257,272
257,275
257,277
257,281
257,282
257,295
257,296
257,299
258,259
258,266
258,269
258,283
258,285
258,293
258,299
259,263
259,267
259,283
259,288
259,290
260,264
260,265
260,266
260,268
260,270
260,272
260,273
260,276
260,277
260,279
260,281
260,285
260,290
260,294
260,296
260,299
261,263
261,275
261,281
261,290
262,267
262,286
262,287
262,297
263,267
263,271
263,272
263,278
264,268
264,272
264,273
264,276
264,289
264,293
265,268
265,269
265,272
265,276
265,277
265,279
265,289
265,296
266,267
266,269
266,272
266,275
266,277
266,280
266,282
266,283
266,285
266,289
266,298
267,274
267,280
267,283
267,286
267,287
267,288
267,292
267,293
268,272
268,273
268,284
268,285
268,286
268,296
268,299
269,277
269,280
269,283
269,294
269,295
270,279
270,282
270,289
270,294
270,299
271,288
271,297
272,275
272,276
272,279
272,290
272,293
273,276
273,285
273,289
273,290
273,296
273,299
275,276
275,279
275,284
275,285
275,289
275,293
275,295
275,299
276,279
276,289
276,293
276,294
276,299
277,281
277,282
277,285
277,291
277,295
277,298
277,299
278,295
279,289
279,290
279,294
280,283
280,285
280,290
280,296
280,298
281,282
281,284
281,285
281,288
281,291
281,295
281,298
282,285
283,285
283,286
284,289
284,295
284,299
285,289
285,293
285,296
285,298
286,287
286,290
286,293
286,298
286,299
287,288
287,292
287,297
288,291
288,292
290,299
293,299
294,296
294,299
295,299
